time:ms  value:
   0     0.000000
   2     0.000000
   4     0.000000
   6     0.000000
   8     0.000000
  10     0.000000
  12     0.000000
  14     0.000000
  16     0.000000
  18     0.000000
  20     0.000000
  22     0.000000
  24     0.000000
  26     0.000000
  28     0.000000
  30     0.000000
  32     0.000000
  34     0.000000
  36     0.000000
  38     0.000000
  40     0.000000
  42     0.000000
  44     0.000000
  46     0.000000
  48     0.000000
  50     0.000000
  52     0.000000
  54     0.000000
  56     0.000000
  58     0.000000
  60     0.000000
  62     0.000000
  64     0.000000
  66     0.000000
  68     0.000000
  70     0.000000
  72     0.000000
  74     0.000000
  76     0.000000
  78     0.000000
  80     0.000000
  82     0.000000
  84     0.000000
  86     0.000000
  88     0.000000
  90     0.000000
  92     0.000000
  94     0.000000
  96     0.000000
  98     0.000000
 100     0.000000
 102     0.000000
 104     0.000000
 106     0.000000
 108     0.000000
 110     0.000000
 112     0.000000
 114     0.000000
 116     0.000000
 118     0.000000
 120     0.000000
 122     0.000000
 124     0.000000
 126     0.000000
 128     0.000000
 130     0.000000
 132     0.000000
 134     0.000000
 136     0.000000
 138     0.000000
 140     0.000000
 142     0.000000
 144     0.000000
 146     0.000000
 148     0.000000
 150     0.000000
 152     0.000000
 154     0.000000
 156     0.000000
 158     0.000000
 160     0.000000
 162     0.000000
 164     0.000000
 166     0.000000
 168     0.000000
 170     0.000000
 172     0.000000
 174     0.000000
 176     0.000000
 178     0.000000
 180     0.000000
 182     0.000000
 184     0.000000
 186     0.000000
 188     0.000000
 190     0.000000
 192     0.000000
 194     0.000000
 196     0.000000
 198     0.000000
 200     0.000000
 202     0.000000
 204     0.000000
 206     0.000000
 208     0.000000
 210     0.000000
 212     0.000000
 214     0.000000
 216     0.000000
 218     0.000000
 220     0.000000
 222     0.000000
 224     0.000000
 226     0.000000
 228     0.000000
 230     0.000000
 232     0.000000
 234     0.000000
 236     0.000000
 238     0.000000
 240     0.000000
 242     0.000000
 244     0.000000
 246     0.000000
 248     0.000000
 250     0.000000
 252     -246.755905
 254     -740.267578
 256     -493.511719
 258     493.511719
 260     1727.291260
 262     2220.803223
 264     1480.535400
 266     0.000000
 268     -1727.291260
 270     -3207.826660
 272     -4194.847656
 274     -3948.094482
 276     -987.023438
 278     4194.847656
 280     8142.941406
 282     7155.917969
 284     987.023438
 286     -6415.652344
 288     -10116.992188
 290     -7402.675781
 292     -1727.291260
 294     3454.582764
 296     6168.894531
 298     7402.675781
 300     7402.675781
 302     5181.871094
 304     -493.511719
 306     -6909.164063
 308     -10116.992188
 310     -7155.917969
 312     -987.023438
 314     4441.605469
 316     6168.894531
 318     6415.652344
 320     7896.187500
 322     11104.015625
 324     12831.304688
 326     9623.480469
 328     1480.535400
 330     -7896.187500
 332     -12584.550781
 334     -10116.992188
 336     -2961.070801
 338     3207.826660
 340     3701.338623
 342     -740.267578
 344     -5181.871094
 346     -5428.628906
 348     -2467.559082
 350     -740.267578
 352     -3207.826660
 354     -8142.941406
 356     -10857.257813
 358     -10363.746094
 360     -7649.429688
 362     -4688.359375
 364     -1974.047119
 366     2467.559082
 368     8142.941406
 370     13324.816406
 372     14558.597656
 374     10116.992188
 376     1727.291260
 378     -7402.675781
 380     -12584.550781
 382     -12091.039063
 384     -7155.917969
 386     -493.511719
 388     4688.359375
 390     7402.675781
 392     7896.187500
 394     6662.406250
 396     5181.871094
 398     3948.094482
 400     3948.094482
 402     5675.382813
 404     7896.187500
 406     8389.699219
 408     4688.359375
 410     -2961.070801
 412     -10363.746094
 414     -12584.550781
 416     -7896.187500
 418     -740.267578
 420     1727.291260
 422     -3454.582764
 424     -13078.062500
 426     -20727.496094
 428     -21961.273438
 430     -16532.644531
 432     -6662.406250
 434     4935.117188
 436     15545.621094
 438     20727.496094
 440     19246.960938
 442     12831.304688
 444     5675.382813
 446     -493.511719
 448     -5181.871094
 450     -7649.429688
 452     -3701.338623
 454     6662.406250
 456     16779.402344
 458     17766.425781
 460     8636.457031
 462     -2714.314941
 464     -8142.941406
 466     -8636.457031
 468     -10610.503906
 470     -14558.597656
 472     -13818.328125
 474     -3701.338623
 476     9870.234375
 478     15545.621094
 480     9376.722656
 482     -1233.779541
 484     -6168.894531
 486     -3207.826660
 488     1233.779541
 490     2220.803223
 492     1727.291260
 494     4194.847656
 496     10363.746094
 498     14805.351563
 500     11844.281250
 502     740.267578
 504     -11597.527344
 506     -17519.667969
 508     -13818.328125
 510     -4935.117188
 512     1480.535400
 514     987.023438
 516     -3948.094482
 518     -7155.917969
 520     -4688.359375
 522     1974.047119
 524     8142.941406
 526     11597.527344
 528     12584.550781
 530     12091.039063
 532     9376.722656
 534     740.267578
 536     -12831.304688
 538     -25662.613281
 540     -30597.730469
 542     -24675.589844
 544     -11597.527344
 546     2220.803223
 548     13571.574219
 550     21714.519531
 552     27143.148438
 554     28376.929688
 556     24182.078125
 558     17272.914063
 560     10363.746094
 562     5181.871094
 564     -493.511719
 566     -7896.187500
 568     -16532.644531
 570     -24428.832031
 572     -30597.730469
 574     -31338.000000
 576     -31338.000000
 578     -27143.148438
 580     -16039.132813
 582     -3207.826660
 584     8142.941406
 586     18013.179688
 588     26156.125000
 590     30350.976563
 592     27143.148438
 594     16285.886719
 596     2961.070801
 598     -6662.406250
 600     -10610.503906
 602     -10610.503906
 604     -7649.429688
 606     -987.023438
 608     8883.210938
 610     18259.937500
 612     22208.031250
 614     19740.472656
 616     13818.328125
 618     7402.675781
 620     987.023438
 622     -6168.894531
 624     -11844.281250
 626     -12337.792969
 628     -5675.382813
 630     4688.359375
 632     12831.304688
 634     14311.839844
 636     7649.429688
 638     -4935.117188
 640     -20480.738281
 642     -31338.000000
 644     -31338.000000
 646     -31338.000000
 648     -31338.000000
 650     -10857.257813
 652     9129.968750
 654     20480.738281
 656     21714.519531
 658     18506.691406
 660     16779.402344
 662     17026.156250
 664     16039.132813
 666     11597.527344
 668     6415.652344
 670     4441.605469
 672     5428.628906
 674     5181.871094
 676     -493.511719
 678     -11350.769531
 680     -22454.785156
 682     -29610.707031
 684     -29610.707031
 686     -21467.761719
 688     -6909.164063
 690     10116.992188
 692     24428.832031
 694     31338.000000
 696     31338.000000
 698     28623.683594
 700     20974.250000
 702     13324.816406
 704     9623.480469
 706     12337.792969
 708     17766.425781
 710     18259.937500
 712     7896.187500
 714     -10610.503906
 716     -28130.171875
 718     -31338.000000
 720     -31338.000000
 722     -31338.000000
 724     -31338.000000
 726     -28130.171875
 728     -19740.472656
 730     -9623.480469
 732     -1233.779541
 734     3454.582764
 736     6168.894531
 738     10610.503906
 740     18753.449219
 742     28376.929688
 744     31338.000000
 746     31338.000000
 748     22208.031250
 750     8142.941406
 752     -3948.094482
 754     -9376.722656
 756     -8883.210938
 758     -5922.140625
 760     -2961.070801
 762     -987.023438
 764     246.755905
 766     740.267578
 768     -1480.535400
 770     -6909.164063
 772     -12831.304688
 774     -15298.863281
 776     -12091.039063
 778     -5428.628906
 780     246.755905
 782     1727.291260
 784     -740.267578
 786     -5181.871094
 788     -9870.234375
 790     -14311.839844
 792     -17272.914063
 794     -17272.914063
 796     -12091.039063
 798     -2220.803223
 800     10363.746094
 802     23195.054688
 804     31338.000000
 806     31338.000000
 808     31338.000000
 810     30350.976563
 812     13324.816406
 814     -3948.094482
 816     -15792.375000
 818     -20233.984375
 820     -17766.425781
 822     -9623.480469
 824     1727.291260
 826     11597.527344
 828     14558.597656
 830     9129.968750
 832     493.511719
 834     -4441.605469
 836     -3207.826660
 838     -246.755905
 840     -1974.047119
 842     -9623.480469
 844     -19246.960938
 846     -26402.878906
 848     -30104.218750
 850     -31338.000000
 852     -28130.171875
 854     -17272.914063
 856     1233.779541
 858     21961.273438
 860     31338.000000
 862     31338.000000
 864     31338.000000
 866     20974.250000
 868     5181.871094
 870     -8389.699219
 872     -15792.375000
 874     -15298.863281
 876     -9129.968750
 878     -987.023438
 880     5428.628906
 882     9129.968750
 884     9623.480469
 886     8883.210938
 888     8636.457031
 890     9623.480469
 892     8636.457031
 894     1233.779541
 896     -13078.062500
 898     -28623.683594
 900     -31338.000000
 902     -31338.000000
 904     -21714.519531
 906     -11350.769531
 908     -5922.140625
 910     -4194.847656
 912     -3207.826660
 914     -987.023438
 916     1974.047119
 918     6168.894531
 920     11844.281250
 922     19246.960938
 924     26402.878906
 926     31338.000000
 928     31338.000000
 930     27883.417969
 932     19246.960938
 934     8636.457031
 936     -740.267578
 938     -6909.164063
 940     -8636.457031
 942     -5675.382813
 944     0.000000
 946     4935.117188
 948     4688.359375
 950     -3207.826660
 952     -15052.109375
 954     -24675.589844
 956     -27636.660156
 958     -24182.078125
 960     -17766.425781
 962     -10116.992188
 964     -987.023438
 966     10610.503906
 968     22948.296875
 970     31338.000000
 972     31338.000000
 974     21961.273438
 976     4688.359375
 978     -13571.574219
 980     -26649.636719
 982     -31338.000000
 984     -31338.000000
 986     -29857.464844
 988     -25169.101563
 990     -17519.667969
 992     -6415.652344
 994     6662.406250
 996     18506.691406
 998     26896.394531
1000     31338.000000
1002     31338.000000
1004     29117.195313
1006     24428.832031
1008     19493.714844
1010     13571.574219
1012     5181.871094
1014     -7402.675781
1016     -20974.250000
1018     -29117.195313
1020     -28376.929688
1022     -21467.761719
1024     -14558.597656
1026     -11597.527344
1028     -11350.769531
1030     -9870.234375
1032     -5922.140625
1034     -1233.779541
1036     2467.559082
1038     5675.382813
1040     8636.457031
1042     10610.503906
1044     11104.015625
1046     10857.257813
1048     11350.769531
1050     13324.816406
1052     13818.328125
1054     10363.746094
1056     2467.559082
1058     -6415.652344
1060     -12584.550781
1062     -15792.375000
1064     -16285.886719
1066     -14805.351563
1068     -9870.234375
1070     -493.511719
1072     11844.281250
1074     23195.054688
1076     29610.707031
1078     29117.195313
1080     23935.320313
1082     16779.402344
1084     10610.503906
1086     5922.140625
1088     2220.803223
1090     -1727.291260
1092     -5181.871094
1094     -8142.941406
1096     -10857.257813
1098     -14311.839844
1100     -19493.714844
1102     -25169.101563
1104     -29610.707031
1106     -31338.000000
1108     -30597.730469
1110     -26896.394531
1112     -20233.984375
1114     -11104.015625
1116     246.755905
1118     11350.769531
1120     19740.472656
1122     22948.296875
1124     21221.007813
1126     16532.644531
1128     11844.281250
1130     8883.210938
1132     7896.187500
1134     7402.675781
1136     5181.871094
1138     1480.535400
1140     -2467.559082
1142     -4935.117188
1144     -5181.871094
1146     -4194.847656
1148     -3701.338623
1150     -4688.359375
1152     -6168.894531
1154     -6662.406250
1156     -4935.117188
1158     -1480.535400
1160     1974.047119
1162     4688.359375
1164     6662.406250
1166     7896.187500
1168     8389.699219
1170     7896.187500
1172     6662.406250
1174     5675.382813
1176     4935.117188
1178     3454.582764
1180     -246.755905
1182     -6168.894531
1184     -11844.281250
1186     -13818.328125
1188     -10857.257813
1190     -5675.382813
1192     -1233.779541
1194     987.023438
1196     2220.803223
1198     5675.382813
1200     11844.281250
1202     18259.937500
1204     22208.031250
1206     21467.761719
1208     15792.375000
1210     6415.652344
1212     -5181.871094
1214     -15052.109375
1216     -19987.226563
1218     -19000.203125
1220     -14558.597656
1222     -11350.769531
1224     -10363.746094
1226     -9870.234375
1228     -7402.675781
1230     -2467.559082
1232     1727.291260
1234     2714.314941
1236     1233.779541
1238     -246.755905
1240     740.267578
1242     4194.847656
1244     8142.941406
1246     10363.746094
1248     9623.480469
1250     7155.917969
1252     4441.605469
1254     3207.826660
1256     3454.582764
1258     3454.582764
1260     2220.803223
1262     246.755905
1264     -493.511719
1266     1480.535400
1268     3948.094482
1270     4194.847656
1272     0.000000
1274     -6909.164063
1276     -13078.062500
1278     -15545.621094
1280     -14805.351563
1282     -13571.574219
1284     -13571.574219
1286     -14805.351563
1288     -15052.109375
1290     -11104.015625
1292     -1727.291260
1294     11597.527344
1296     24675.589844
1298     31338.000000
1300     31338.000000
1302     31338.000000
1304     29363.953125
1306     22701.542969
1308     13571.574219
1310     2714.314941
1312     -6662.406250
1314     -12831.304688
1316     -16532.644531
1318     -20480.738281
1320     -26896.394531
1322     -31338.000000
1324     -31338.000000
1326     -31338.000000
1328     -31338.000000
1330     -21467.761719
1332     -11104.015625
1334     -2961.070801
1336     2467.559082
1338     7649.429688
1340     15052.109375
1342     24922.343750
1344     31338.000000
1346     31338.000000
1348     30104.218750
1350     18506.691406
1352     6909.164063
1354     -493.511719
1356     -3701.338623
1358     -5922.140625
1360     -9376.722656
1362     -14065.085938
1364     -18013.179688
1366     -19000.203125
1368     -17272.914063
1370     -13571.574219
1372     -9623.480469
1374     -5675.382813
1376     -987.023438
1378     3454.582764
1380     6415.652344
1382     7896.187500
1384     9623.480469
1386     14311.839844
1388     22701.542969
1390     30597.730469
1392     31338.000000
1394     28376.929688
1396     19246.960938
1398     10610.503906
1400     4935.117188
1402     1974.047119
1404     -987.023438
1406     -4935.117188
1408     -9129.968750
1410     -12091.039063
1412     -13571.574219
1414     -14065.085938
1416     -12584.550781
1418     -8389.699219
1420     -2220.803223
1422     4194.847656
1424     7155.917969
1426     5675.382813
1428     493.511719
1430     -5922.140625
1432     -11104.015625
1434     -15052.109375
1436     -18013.179688
1438     -19987.226563
1440     -20480.738281
1442     -17766.425781
1444     -11597.527344
1446     -3948.094482
1448     2714.314941
1450     6909.164063
1452     9376.722656
1454     11844.281250
1456     15052.109375
1458     16779.402344
1460     13818.328125
1462     6415.652344
1464     -1974.047119
1466     -6909.164063
1468     -6415.652344
1470     -2961.070801
1472     246.755905
1474     987.023438
1476     -740.267578
1478     -3948.094482
1480     -7649.429688
1482     -11350.769531
1484     -13324.816406
1486     -13571.574219
1488     -11597.527344
1490     -8389.699219
1492     -4194.847656
1494     987.023438
1496     6909.164063
1498     12337.792969
1500     15545.621094
1502     15298.863281
1504     13078.062500
1506     10610.503906
1508     9129.968750
1510     7649.429688
1512     5428.628906
1514     3207.826660
1516     2220.803223
1518     3701.338623
1520     5922.140625
1522     7155.917969
1524     6415.652344
1526     5428.628906
1528     5675.382813
1530     6415.652344
1532     5428.628906
1534     493.511719
1536     -8142.941406
1538     -17026.156250
1540     -20727.496094
1542     -16779.402344
1544     -7155.917969
1546     2961.070801
1548     8636.457031
1550     9376.722656
1552     7649.429688
1554     6415.652344
1556     5922.140625
1558     4935.117188
1560     2714.314941
1562     493.511719
1564     -1233.779541
1566     -2467.559082
1568     -4194.847656
1570     -7402.675781
1572     -9870.234375
1574     -10116.992188
1576     -7402.675781
1578     -3701.338623
1580     -740.267578
1582     -493.511719
1584     -2220.803223
1586     -4441.605469
1588     -6168.894531
1590     -7402.675781
1592     -8389.699219
1594     -8883.210938
1596     -8142.941406
1598     -5922.140625
1600     -2961.070801
1602     -987.023438
1604     493.511719
1606     2220.803223
1608     4441.605469
1610     5922.140625
1612     4688.359375
1614     1974.047119
1616     0.000000
1618     987.023438
1620     3207.826660
1622     4441.605469
1624     2961.070801
1626     246.755905
1628     -1727.291260
1630     -2220.803223
1632     -2714.314941
1634     -5181.871094
1636     -8883.210938
1638     -12831.304688
1640     -14805.351563
1642     -13571.574219
1644     -8636.457031
1646     -1233.779541
1648     6168.894531
1650     12091.039063
1652     16285.886719
1654     19493.714844
1656     21221.007813
1658     19740.472656
1660     14311.839844
1662     5922.140625
1664     -2220.803223
1666     -7402.675781
1668     -9376.722656
1670     -7155.917969
1672     -987.023438
1674     7402.675781
1676     14805.351563
1678     18506.691406
1680     19246.960938
1682     19493.714844
1684     22454.785156
1686     26402.878906
1688     27883.417969
1690     23688.566406
1692     14311.839844
1694     3454.582764
1696     -5922.140625
1698     -12831.304688
1700     -17766.425781
1702     -21714.519531
1704     -24428.832031
1706     -25169.101563
1708     -22454.785156
1710     -16285.886719
1712     -8636.457031
1714     -2714.314941
1716     -246.755905
1718     -493.511719
1720     -1480.535400
1722     -3701.338623
1724     -8142.941406
1726     -14805.351563
1728     -21221.007813
1730     -24182.078125
1732     -22454.785156
1734     -18013.179688
1736     -14065.085938
1738     -10857.257813
1740     -7649.429688
1742     -2714.314941
1744     3701.338623
1746     9623.480469
1748     12831.304688
1750     12831.304688
1752     10363.746094
1754     6909.164063
1756     2961.070801
1758     -246.755905
1760     -2220.803223
1762     -2467.559082
1764     -1233.779541
1766     987.023438
1768     3454.582764
1770     6168.894531
1772     8389.699219
1774     10363.746094
1776     12091.039063
1778     13324.816406
1780     13571.574219
1782     11597.527344
1784     7155.917969
1786     1727.291260
1788     -2467.559082
1790     -4194.847656
1792     -3207.826660
1794     -1233.779541
1796     246.755905
1798     1974.047119
1800     4194.847656
1802     6415.652344
1804     8389.699219
1806     8636.457031
1808     6909.164063
1810     3701.338623
1812     0.000000
1814     -2961.070801
1816     -5181.871094
1818     -6415.652344
1820     -6909.164063
1822     -6415.652344
1824     -4935.117188
1826     -3207.826660
1828     -1974.047119
1830     -1974.047119
1832     -2961.070801
1834     -3454.582764
1836     -2961.070801
1838     -2220.803223
1840     -1727.291260
1842     -1480.535400
1844     -1727.291260
1846     -2714.314941
1848     -4688.359375
1850     -6909.164063
1852     -8636.457031
1854     -9129.968750
1856     -8636.457031
1858     -8389.699219
1860     -8389.699219
1862     -8389.699219
1864     -8636.457031
1866     -10116.992188
1868     -11597.527344
1870     -11350.769531
1872     -7649.429688
1874     -740.267578
1876     6168.894531
1878     11350.769531
1880     15298.863281
1882     19740.472656
1884     25909.367188
1886     31338.000000
1888     31338.000000
1890     31338.000000
1892     31338.000000
1894     31338.000000
1896     31338.000000
1898     31338.000000
1900     29363.953125
1902     23688.566406
1904     15792.375000
1906     4441.605469
1908     -9129.968750
1910     -22701.542969
1912     -31338.000000
1914     -31338.000000
1916     -31338.000000
1918     -31338.000000
1920     -31338.000000
1922     -31338.000000
1924     -31338.000000
1926     -31338.000000
1928     -28870.441406
1930     -21714.519531
1932     -13818.328125
1934     -5428.628906
1936     2714.314941
1938     9870.234375
1940     16039.132813
1942     20727.496094
1944     23688.566406
1946     24675.589844
1948     23935.320313
1950     20974.250000
1952     15792.375000
1954     9376.722656
1956     2714.314941
1958     -2467.559082
1960     -5675.382813
1962     -7155.917969
1964     -6909.164063
1966     -4935.117188
1968     -1974.047119
1970     0.000000
1972     0.000000
1974     -1480.535400
1976     -2961.070801
1978     -2961.070801
1980     -1233.779541
1982     740.267578
1984     1480.535400
1986     740.267578
1988     -246.755905
1990     -493.511719
1992     246.755905
1994     1727.291260
1996     2961.070801
1998     3701.338623
2000     3701.338623
2002     3948.094482
2004     4441.605469
2006     4935.117188
2008     5181.871094
2010     4688.359375
2012     3948.094482
2014     3701.338623
2016     4688.359375
2018     5675.382813
2020     5922.140625
2022     4194.847656
2024     1727.291260
2026     0.000000
2028     -246.755905
2030     987.023438
2032     2467.559082
2034     3701.338623
2036     4935.117188
2038     6168.894531
2040     7155.917969
2042     6909.164063
2044     5675.382813
2046     3701.338623
2048     1727.291260
2050     246.755905
2052     -1233.779541
2054     -2714.314941
2056     -3948.094482
2058     -4935.117188
2060     -5675.382813
2062     -6662.406250
2064     -7402.675781
2066     -7896.187500
2068     -7649.429688
2070     -7155.917969
2072     -7402.675781
2074     -7896.187500
2076     -8389.699219
2078     -8142.941406
2080     -6909.164063
2082     -5181.871094
2084     -3701.338623
2086     -2961.070801
2088     -2467.559082
2090     -1480.535400
2092     493.511719
2094     2467.559082
2096     3948.094482
2098     4194.847656
2100     3454.582764
2102     2714.314941
2104     2714.314941
2106     2714.314941
2108     1727.291260
2110     -740.267578
2112     -3454.582764
2114     -4935.117188
2116     -3948.094482
2118     -1480.535400
2120     1480.535400
2122     3701.338623
2124     5181.871094
2126     5675.382813
2128     5675.382813
2130     4935.117188
2132     3948.094482
2134     2961.070801
2136     2220.803223
2138     1727.291260
2140     493.511719
2142     -1974.047119
2144     -4688.359375
2146     -6415.652344
2148     -6662.406250
2150     -6168.894531
2152     -6415.652344
2154     -6909.164063
2156     -7402.675781
2158     -6662.406250
2160     -4441.605469
2162     -1480.535400
2164     1727.291260
2166     4441.605469
2168     6909.164063
2170     8883.210938
2172     9870.234375
2174     9623.480469
2176     8389.699219
2178     7155.917969
2180     6168.894531
2182     5428.628906
2184     5428.628906
2186     5922.140625
2188     6909.164063
2190     7649.429688
2192     7155.917969
2194     4935.117188
2196     1480.535400
2198     -1233.779541
2200     -2714.314941
2202     -3207.826660
2204     -3207.826660
2206     -3948.094482
2208     -4688.359375
2210     -5675.382813
2212     -6168.894531
2214     -6415.652344
2216     -6168.894531
2218     -5675.382813
2220     -5675.382813
2222     -6168.894531
2224     -7649.429688
2226     -8636.457031
2228     -8883.210938
2230     -7402.675781
2232     -5181.871094
2234     -3701.338623
2236     -3207.826660
2238     -3454.582764
2240     -3207.826660
2242     -1727.291260
2244     987.023438
2246     4441.605469
2248     6662.406250
2250     7649.429688
2252     7155.917969
2254     6168.894531
2256     5428.628906
2258     5675.382813
2260     6415.652344
2262     6168.894531
2264     4935.117188
2266     2714.314941
2268     1233.779541
2270     1727.291260
2272     3948.094482
2274     6168.894531
2276     7402.675781
2278     6168.894531
2280     2714.314941
2282     -1974.047119
2284     -5675.382813
2286     -6415.652344
2288     -4441.605469
2290     -1727.291260
2292     -987.023438
2294     -3454.582764
2296     -7896.187500
2298     -11597.527344
2300     -13078.062500
2302     -13078.062500
2304     -12584.550781
2306     -12337.792969
2308     -12091.039063
2310     -10857.257813
2312     -8389.699219
2314     -4688.359375
2316     -740.267578
2318     3454.582764
2320     7402.675781
2322     11350.769531
2324     15298.863281
2326     18013.179688
2328     18753.449219
2330     16532.644531
2332     12584.550781
2334     9623.480469
2336     9623.480469
2338     12091.039063
2340     14065.085938
2342     13324.816406
2344     9870.234375
2346     5428.628906
2348     2467.559082
2350     1233.779541
2352     740.267578
2354     -987.023438
2356     -3948.094482
2358     -7649.429688
2360     -10363.746094
2362     -11597.527344
2364     -11844.281250
2366     -11597.527344
2368     -11844.281250
2370     -12337.792969
2372     -13571.574219
2374     -14805.351563
2376     -15298.863281
2378     -14805.351563
2380     -12584.550781
2382     -9376.722656
2384     -5922.140625
2386     -2714.314941
2388     0.000000
2390     2961.070801
2392     5675.382813
2394     8142.941406
2396     9376.722656
2398     9129.968750
2400     8883.210938
2402     8883.210938
2404     10116.992188
2406     12091.039063
2408     13324.816406
2410     13571.574219
2412     12337.792969
2414     9870.234375
2416     6415.652344
2418     2961.070801
2420     -246.755905
2422     -2714.314941
2424     -4441.605469
2426     -5675.382813
2428     -6415.652344
2430     -6168.894531
2432     -6168.894531
2434     -6662.406250
2436     -7649.429688
2438     -8636.457031
2440     -9129.968750
2442     -8883.210938
2444     -8142.941406
2446     -7155.917969
2448     -6168.894531
2450     -5675.382813
2452     -5922.140625
2454     -7155.917969
2456     -8142.941406
2458     -7155.917969
2460     -3701.338623
2462     987.023438
2464     5181.871094
2466     7402.675781
2468     7896.187500
2470     8389.699219
2472     9623.480469
2474     11104.015625
2476     11844.281250
2478     11844.281250
2480     11104.015625
2482     10610.503906
2484     10116.992188
2486     9623.480469
2488     8636.457031
2490     7402.675781
2492     6415.652344
2494     5675.382813
2496     5181.871094
2498     4441.605469
2500     2220.803223
2502     -987.023438
2504     -4688.359375
2506     -7649.429688
2508     -9623.480469
2510     -10363.746094
2512     -10857.257813
2514     -11597.527344
2516     -12337.792969
2518     -12091.039063
2520     -10610.503906
2522     -8142.941406
2524     -5675.382813
2526     -3454.582764
2528     -1727.291260
2530     -246.755905
2532     1233.779541
2534     2467.559082
2536     3207.826660
2538     3454.582764
2540     3701.338623
2542     3948.094482
2544     3701.338623
2546     2961.070801
2548     1727.291260
2550     740.267578
2552     -493.511719
2554     -1233.779541
2556     -1727.291260
2558     -1974.047119
2560     -1974.047119
2562     -1974.047119
2564     -1727.291260
2566     -1480.535400
2568     -1233.779541
2570     -740.267578
2572     0.000000
2574     987.023438
2576     1480.535400
2578     987.023438
2580     246.755905
2582     -493.511719
2584     0.000000
2586     1727.291260
2588     3701.338623
2590     5428.628906
2592     5675.382813
2594     4935.117188
2596     3701.338623
2598     2714.314941
2600     1727.291260
2602     1233.779541
2604     493.511719
2606     -493.511719
2608     -1233.779541
2610     -1974.047119
2612     -2467.559082
2614     -2220.803223
2616     -1727.291260
2618     -987.023438
2620     -246.755905
2622     0.000000
2624     246.755905
2626     493.511719
2628     740.267578
2630     987.023438
2632     987.023438
2634     246.755905
2636     -740.267578
2638     -2220.803223
2640     -3948.094482
2642     -5428.628906
2644     -6415.652344
2646     -6662.406250
2648     -5922.140625
2650     -4441.605469
2652     -2961.070801
2654     -1480.535400
2656     -246.755905
2658     493.511719
2660     1480.535400
2662     2714.314941
2664     3701.338623
2666     4441.605469
2668     5181.871094
2670     5428.628906
2672     5428.628906
2674     4935.117188
2676     3948.094482
2678     3207.826660
2680     2961.070801
2682     2714.314941
2684     2714.314941
2686     1974.047119
2688     987.023438
2690     246.755905
2692     246.755905
2694     246.755905
2696     0.000000
2698     -740.267578
2700     -1480.535400
2702     -1727.291260
2704     -1974.047119
2706     -2467.559082
2708     -2961.070801
2710     -2961.070801
2712     -2714.314941
2714     -2467.559082
2716     -2714.314941
2718     -3207.826660
2720     -3701.338623
2722     -3948.094482
2724     -3701.338623
2726     -3207.826660
2728     -1974.047119
2730     0.000000
2732     2714.314941
2734     5181.871094
2736     6909.164063
2738     7155.917969
2740     6662.406250
2742     6168.894531
2744     5675.382813
2746     5922.140625
2748     6168.894531
2750     5922.140625
2752     5181.871094
2754     3207.826660
2756     0.000000
2758     -3454.582764
2760     -6415.652344
2762     -8142.941406
2764     -8389.699219
2766     -7649.429688
2768     -7649.429688
2770     -8636.457031
2772     -10116.992188
2774     -11104.015625
2776     -10857.257813
2778     -9129.968750
2780     -6662.406250
2782     -3701.338623
2784     -987.023438
2786     1480.535400
2788     3454.582764
2790     4441.605469
2792     4935.117188
2794     5181.871094
2796     4935.117188
2798     4935.117188
2800     4194.847656
2802     2961.070801
2804     987.023438
2806     -740.267578
2808     -1974.047119
2810     -2467.559082
2812     -1974.047119
2814     -1480.535400
2816     -740.267578
2818     -246.755905
2820     0.000000
2822     246.755905
2824     987.023438
2826     2220.803223
2828     3948.094482
2830     5922.140625
2832     6909.164063
2834     7155.917969
2836     6662.406250
2838     5922.140625
2840     5922.140625
2842     6415.652344
2844     6909.164063
2846     6662.406250
2848     5675.382813
2850     4194.847656
2852     2714.314941
2854     1480.535400
2856     740.267578
2858     -246.755905
2860     -1233.779541
2862     -2467.559082
2864     -3454.582764
2866     -4194.847656
2868     -4441.605469
2870     -4194.847656
2872     -3701.338623
2874     -2714.314941
2876     -1480.535400
2878     -493.511719
2880     0.000000
2882     -246.755905
2884     -493.511719
2886     -246.755905
2888     493.511719
2890     1727.291260
2892     2467.559082
2894     2467.559082
2896     987.023438
2898     -1480.535400
2900     -3948.094482
2902     -5675.382813
2904     -6168.894531
2906     -5922.140625
2908     -5675.382813
2910     -6415.652344
2912     -7896.187500
2914     -8883.210938
2916     -8389.699219
2918     -6662.406250
2920     -4194.847656
2922     -2467.559082
2924     -1727.291260
2926     -1974.047119
2928     -1974.047119
2930     -1233.779541
2932     246.755905
2934     1974.047119
2936     2714.314941
2938     2467.559082
2940     1727.291260
2942     740.267578
2944     246.755905
2946     246.755905
2948     740.267578
2950     1480.535400
2952     2467.559082
2954     3454.582764
2956     4194.847656
2958     4441.605469
2960     3948.094482
2962     3454.582764
2964     3207.826660
2966     3454.582764
2968     3701.338623
2970     3948.094482
2972     3948.094482
2974     3207.826660
2976     1974.047119
2978     1233.779541
2980     987.023438
2982     1727.291260
2984     2714.314941
2986     3948.094482
2988     4441.605469
2990     4441.605469
2992     3948.094482
2994     3948.094482
2996     4194.847656
2998     4935.117188
3000     5428.628906
3002     6168.894531
3004     6909.164063
3006     7402.675781
3008     7649.429688
3010     7402.675781
3012     5922.140625
3014     3701.338623
3016     740.267578
3018     -2467.559082
3020     -5675.382813
3022     -9129.968750
3024     -13324.816406
3026     -17766.425781
3028     -21961.273438
3030     -25415.855469
3032     -27389.906250
3034     -28130.171875
3036     -27143.148438
3038     -25169.101563
3040     -22701.542969
3042     -19740.472656
3044     -16532.644531
3046     -12831.304688
3048     -8389.699219
3050     -3454.582764
3052     987.023438
3054     4688.359375
3056     7155.917969
3058     9129.968750
3060     10610.503906
3062     12091.039063
3064     13818.328125
3066     15792.375000
3068     17766.425781
3070     19493.714844
3072     20727.496094
3074     20974.250000
3076     20727.496094
3078     20974.250000
3080     21714.519531
3082     22948.296875
3084     23688.566406
3086     23195.054688
3088     21467.761719
3090     19000.203125
3092     16039.132813
3094     13324.816406
3096     10857.257813
3098     8389.699219
3100     5675.382813
3102     2714.314941
3104     -740.267578
3106     -4194.847656
3108     -7155.917969
3110     -9376.722656
3112     -10610.503906
3114     -11350.769531
3116     -11597.527344
3118     -12091.039063
3120     -12584.550781
3122     -12831.304688
3124     -12584.550781
3126     -11597.527344
3128     -9623.480469
3130     -7402.675781
3132     -4935.117188
3134     -2714.314941
3136     -1480.535400
3138     -740.267578
3140     -493.511719
3142     -1233.779541
3144     -3207.826660
3146     -6168.894531
3148     -10363.746094
3150     -14558.597656
3152     -18259.937500
3154     -21467.761719
3156     -24182.078125
3158     -26649.636719
3160     -28870.441406
3162     -30844.488281
3164     -31338.000000
3166     -31338.000000
3168     -30104.218750
3170     -26156.125000
3172     -20727.496094
3174     -14311.839844
3176     -7402.675781
3178     -493.511719
3180     5922.140625
3182     12091.039063
3184     17519.667969
3186     22208.031250
3188     26649.636719
3190     30350.976563
3192     31338.000000
3194     31338.000000
3196     31338.000000
3198     31338.000000
3200     31338.000000
3202     29363.953125
3204     27143.148438
3206     24428.832031
3208     21221.007813
3210     17519.667969
3212     13818.328125
3214     10363.746094
3216     7155.917969
3218     4441.605469
3220     2467.559082
3222     987.023438
3224     0.000000
3226     -987.023438
3228     -1974.047119
3230     -2714.314941
3232     -3454.582764
3234     -4194.847656
3236     -4935.117188
3238     -5428.628906
3240     -5922.140625
3242     -5922.140625
3244     -5922.140625
3246     -5922.140625
3248     -5922.140625
3250     -5675.382813
3252     -5428.628906
3254     -5428.628906
3256     -5675.382813
3258     -6168.894531
3260     -6909.164063
3262     -7402.675781
3264     -7649.429688
3266     -7155.917969
3268     -6168.894531
3270     -5428.628906
3272     -4935.117188
3274     -5181.871094
3276     -6415.652344
3278     -7649.429688
3280     -8389.699219
3282     -8142.941406
3284     -7402.675781
3286     -6909.164063
3288     -6662.406250
3290     -6662.406250
3292     -6662.406250
3294     -6415.652344
3296     -5675.382813
3298     -4688.359375
3300     -3701.338623
3302     -3207.826660
3304     -2961.070801
3306     -2961.070801
3308     -2714.314941
3310     -2220.803223
3312     -1480.535400
3314     -740.267578
3316     -246.755905
3318     0.000000
3320     0.000000
3322     246.755905
3324     493.511719
3326     1233.779541
3328     2467.559082
3330     4194.847656
3332     6168.894531
3334     8142.941406
3336     9623.480469
3338     10363.746094
3340     10857.257813
3342     11104.015625
3344     11597.527344
3346     12091.039063
3348     12584.550781
3350     12584.550781
3352     12091.039063
3354     11104.015625
3356     9870.234375
3358     7896.187500
3360     5675.382813
3362     3207.826660
3364     1233.779541
3366     0.000000
3368     -493.511719
3370     -246.755905
3372     0.000000
3374     0.000000
3376     -246.755905
3378     -740.267578
3380     -1480.535400
3382     -2220.803223
3384     -2961.070801
3386     -3454.582764
3388     -3454.582764
3390     -3454.582764
3392     -2961.070801
3394     -2467.559082
3396     -1727.291260
3398     -987.023438
3400     -493.511719
3402     -493.511719
3404     -740.267578
3406     -1727.291260
3408     -2714.314941
3410     -3701.338623
3412     -4441.605469
3414     -4935.117188
3416     -4688.359375
3418     -4688.359375
3420     -4688.359375
3422     -5181.871094
3424     -6168.894531
3426     -7155.917969
3428     -7402.675781
3430     -6909.164063
3432     -5675.382813
3434     -4441.605469
3436     -3701.338623
3438     -3207.826660
3440     -2220.803223
3442     -493.511719
3444     1480.535400
3446     3207.826660
3448     4441.605469
3450     5428.628906
3452     6168.894531
3454     6415.652344
3456     6168.894531
3458     5428.628906
3460     4441.605469
3462     2714.314941
3464     740.267578
3466     -1480.535400
3468     -3454.582764
3470     -5181.871094
3472     -6168.894531
3474     -6909.164063
3476     -7402.675781
3478     -7649.429688
3480     -7649.429688
3482     -7402.675781
3484     -7155.917969
3486     -6168.894531
3488     -4441.605469
3490     -2220.803223
3492     -246.755905
3494     987.023438
3496     987.023438
3498     740.267578
3500     493.511719
3502     740.267578
3504     1480.535400
3506     1974.047119
3508     2467.559082
3510     2714.314941
3512     3454.582764
3514     3948.094482
3516     4688.359375
3518     5181.871094
3520     5675.382813
3522     5675.382813
3524     5428.628906
3526     4688.359375
3528     3948.094482
3530     3207.826660
3532     3454.582764
3534     4194.847656
3536     5428.628906
3538     6662.406250
3540     7402.675781
3542     7896.187500
3544     7896.187500
3546     7155.917969
3548     5922.140625
3550     4441.605469
3552     2714.314941
3554     1480.535400
3556     740.267578
3558     0.000000
3560     -246.755905
3562     -493.511719
3564     -493.511719
3566     -246.755905
3568     0.000000
3570     -493.511719
3572     -1480.535400
3574     -2714.314941
3576     -3948.094482
3578     -4935.117188
3580     -5181.871094
3582     -5181.871094
3584     -4935.117188
3586     -4441.605469
3588     -3948.094482
3590     -3454.582764
3592     -3207.826660
3594     -3701.338623
3596     -4688.359375
3598     -5922.140625
3600     -6909.164063
3602     -7155.917969
3604     -6415.652344
3606     -5181.871094
3608     -3454.582764
3610     -1974.047119
3612     -493.511719
3614     493.511719
3616     1480.535400
3618     2220.803223
3620     2961.070801
3622     3454.582764
3624     3948.094482
3626     3948.094482
3628     3948.094482
3630     3454.582764
3632     2961.070801
3634     2961.070801
3636     2961.070801
3638     2714.314941
3640     2220.803223
3642     1233.779541
3644     0.000000
3646     -1233.779541
3648     -1727.291260
3650     -1480.535400
3652     -740.267578
3654     493.511719
3656     1974.047119
3658     3454.582764
3660     4194.847656
3662     4441.605469
3664     4194.847656
3666     3454.582764
3668     2220.803223
3670     740.267578
3672     -987.023438
3674     -2220.803223
3676     -2467.559082
3678     -1974.047119
3680     -987.023438
3682     0.000000
3684     0.000000
3686     -740.267578
3688     -2467.559082
3690     -4194.847656
3692     -5675.382813
3694     -6662.406250
3696     -6662.406250
3698     -5922.140625
3700     -4688.359375
3702     -3701.338623
3704     -3207.826660
3706     -3207.826660
3708     -2961.070801
3710     -2467.559082
3712     -1480.535400
3714     -246.755905
3716     1233.779541
3718     2467.559082
3720     3454.582764
3722     3701.338623
3724     3948.094482
3726     3701.338623
3728     3701.338623
3730     3207.826660
3732     2467.559082
3734     987.023438
3736     -493.511719
3738     -1480.535400
3740     -1480.535400
3742     -987.023438
3744     -246.755905
3746     0.000000
3748     -246.755905
3750     -740.267578
3752     -987.023438
3754     -740.267578
3756     -246.755905
3758     740.267578
3760     1233.779541
3762     1233.779541
3764     493.511719
3766     -246.755905
3768     -1233.779541
3770     -1727.291260
3772     -1727.291260
3774     -1727.291260
3776     -1974.047119
3778     -2467.559082
3780     -3701.338623
3782     -4688.359375
3784     -4935.117188
3786     -4441.605469
3788     -2961.070801
3790     -1233.779541
3792     740.267578
3794     1974.047119
3796     3207.826660
3798     4194.847656
3800     5428.628906
3802     7155.917969
3804     9129.968750
3806     10857.257813
3808     11844.281250
3810     11597.527344
3812     10857.257813
3814     9870.234375
3816     9129.968750
3818     9129.968750
3820     9376.722656
3822     9623.480469
3824     9129.968750
3826     7649.429688
3828     4688.359375
3830     1480.535400
3832     -1727.291260
3834     -4194.847656
3836     -6168.894531
3838     -7649.429688
3840     -8883.210938
3842     -9870.234375
3844     -10363.746094
3846     -10363.746094
3848     -10116.992188
3850     -10363.746094
3852     -10857.257813
3854     -11844.281250
3856     -12831.304688
3858     -13571.574219
3860     -13818.328125
3862     -13078.062500
3864     -11597.527344
3866     -9623.480469
3868     -7155.917969
3870     -4935.117188
3872     -2961.070801
3874     -1233.779541
3876     246.755905
3878     1727.291260
3880     3454.582764
3882     5428.628906
3884     7402.675781
3886     9129.968750
3888     10116.992188
3890     10610.503906
3892     11350.769531
3894     12091.039063
3896     13324.816406
3898     13818.328125
3900     13324.816406
3902     11597.527344
3904     8883.210938
3906     5675.382813
3908     1974.047119
3910     -1727.291260
3912     -5428.628906
3914     -8636.457031
3916     -11104.015625
3918     -13078.062500
3920     -14311.839844
3922     -14558.597656
3924     -14311.839844
3926     -13078.062500
3928     -11104.015625
3930     -8883.210938
3932     -6662.406250
3934     -4194.847656
3936     -1727.291260
3938     987.023438
3940     3948.094482
3942     7155.917969
3944     10363.746094
3946     13078.062500
3948     15792.375000
3950     17272.914063
3952     18013.179688
3954     17519.667969
3956     16532.644531
3958     15052.109375
3960     13818.328125
3962     12831.304688
3964     11844.281250
3966     10857.257813
3968     9623.480469
3970     7896.187500
3972     5675.382813
3974     2961.070801
3976     246.755905
3978     -2467.559082
3980     -4688.359375
3982     -6415.652344
3984     -7896.187500
3986     -9129.968750
3988     -10610.503906
3990     -11844.281250
3992     -12831.304688
3994     -13324.816406
3996     -13078.062500
3998     -12584.550781
4000     -12091.039063
4002     -11844.281250
4004     -12337.792969
4006     -13078.062500
4008     -14065.085938
4010     -14805.351563
4012     -15298.863281
4014     -15052.109375
4016     -14311.839844
4018     -12584.550781
4020     -10363.746094
4022     -8389.699219
4024     -6662.406250
4026     -5181.871094
4028     -4194.847656
4030     -2714.314941
4032     -1233.779541
4034     493.511719
4036     2220.803223
4038     3454.582764
4040     4688.359375
4042     5675.382813
4044     6662.406250
4046     8142.941406
4048     9623.480469
4050     11597.527344
4052     13078.062500
4054     14065.085938
4056     14311.839844
4058     14065.085938
4060     13818.328125
4062     14065.085938
4064     14311.839844
4066     14311.839844
4068     14065.085938
4070     13324.816406
4072     12337.792969
4074     11597.527344
4076     11104.015625
4078     10857.257813
4080     10363.746094
4082     9623.480469
4084     8389.699219
4086     7155.917969
4088     5675.382813
4090     4441.605469
4092     3207.826660
4094     1974.047119
4096     493.511719
4098     -1480.535400
4100     -3948.094482
4102     -6168.894531
4104     -8142.941406
4106     -9129.968750
4108     -9870.234375
4110     -10363.746094
4112     -10857.257813
4114     -11597.527344
4116     -12584.550781
4118     -13818.328125
4120     -14558.597656
4122     -15298.863281
4124     -15545.621094
4126     -15545.621094
4128     -15298.863281
4130     -15052.109375
4132     -14065.085938
4134     -12831.304688
4136     -10857.257813
4138     -8636.457031
4140     -6168.894531
4142     -3454.582764
4144     -987.023438
4146     987.023438
4148     2467.559082
4150     2961.070801
4152     2714.314941
4154     2220.803223
4156     1974.047119
4158     2467.559082
4160     3454.582764
4162     5181.871094
4164     6662.406250
4166     7402.675781
4168     7402.675781
4170     6909.164063
4172     6662.406250
4174     6415.652344
4176     6168.894531
4178     5675.382813
4180     4935.117188
4182     3948.094482
4184     3207.826660
4186     3207.826660
4188     3701.338623
4190     4935.117188
4192     6662.406250
4194     7649.429688
4196     7649.429688
4198     6909.164063
4200     5428.628906
4202     3948.094482
4204     2961.070801
4206     2220.803223
4208     1974.047119
4210     1480.535400
4212     740.267578
4214     0.000000
4216     -740.267578
4218     -1480.535400
4220     -2467.559082
4222     -3454.582764
4224     -4194.847656
4226     -4935.117188
4228     -4935.117188
4230     -4441.605469
4232     -3207.826660
4234     -2220.803223
4236     -1727.291260
4238     -1974.047119
4240     -2714.314941
4242     -2714.314941
4244     -1480.535400
4246     740.267578
4248     2961.070801
4250     4194.847656
4252     4194.847656
4254     3454.582764
4256     2467.559082
4258     2220.803223
4260     2714.314941
4262     3948.094482
4264     5181.871094
4266     5181.871094
4268     4194.847656
4270     2467.559082
4272     493.511719
4274     -1233.779541
4276     -1974.047119
4278     -2220.803223
4280     -1974.047119
4282     -1727.291260
4284     -1727.291260
4286     -2714.314941
4288     -4441.605469
4290     -6662.406250
4292     -8883.210938
4294     -10363.746094
4296     -10857.257813
4298     -10116.992188
4300     -9376.722656
4302     -8636.457031
4304     -7896.187500
4306     -6909.164063
4308     -5922.140625
4310     -4688.359375
4312     -3701.338623
4314     -2467.559082
4316     -1974.047119
4318     -1974.047119
4320     -2220.803223
4322     -2467.559082
4324     -1233.779541
4326     1727.291260
4328     5675.382813
4330     8636.457031
4332     9376.722656
4334     7896.187500
4336     5428.628906
4338     3207.826660
4340     1974.047119
4342     2714.314941
4344     4441.605469
4346     6909.164063
4348     8636.457031
4350     9623.480469
4352     9376.722656
4354     8636.457031
4356     7896.187500
4358     7155.917969
4360     6168.894531
4362     4441.605469
4364     2467.559082
4366     740.267578
4368     -493.511719
4370     -1480.535400
4372     -2467.559082
4374     -3948.094482
4376     -5428.628906
4378     -6415.652344
4380     -6662.406250
4382     -6415.652344
4384     -5428.628906
4386     -3948.094482
4388     -1974.047119
4390     246.755905
4392     1727.291260
4394     1727.291260
4396     740.267578
4398     -740.267578
4400     -1727.291260
4402     -2467.559082
4404     -3207.826660
4406     -3948.094482
4408     -4194.847656
4410     -3454.582764
4412     -1974.047119
4414     -493.511719
4416     740.267578
4418     987.023438
4420     987.023438
4422     987.023438
4424     1233.779541
4426     1974.047119
4428     2714.314941
4430     3454.582764
4432     3948.094482
4434     3948.094482
4436     3207.826660
4438     1974.047119
4440     493.511719
4442     -493.511719
4444     -740.267578
4446     0.000000
4448     1480.535400
4450     2467.559082
4452     2220.803223
4454     987.023438
4456     -740.267578
4458     -1727.291260
4460     -1727.291260
4462     -740.267578
4464     246.755905
4466     1233.779541
4468     1727.291260
4470     2467.559082
4472     3207.826660
4474     3701.338623
4476     3948.094482
4478     3701.338623
4480     3207.826660
4482     2467.559082
4484     1727.291260
4486     987.023438
4488     246.755905
4490     -740.267578
4492     -2220.803223
4494     -4194.847656
4496     -5922.140625
4498     -6662.406250
4500     -5922.140625
4502     -4688.359375
4504     -3701.338623
4506     -3948.094482
4508     -5181.871094
4510     -6415.652344
4512     -6662.406250
4514     -6168.894531
4516     -4935.117188
4518     -3454.582764
4520     -1974.047119
4522     -987.023438
4524     -740.267578
4526     -987.023438
4528     -1974.047119
4530     -2467.559082
4532     -2220.803223
4534     -987.023438
4536     1233.779541
4538     3207.826660
4540     4688.359375
4542     4441.605469
4544     3207.826660
4546     1480.535400
4548     493.511719
4550     987.023438
4552     2467.559082
4554     4441.605469
4556     5428.628906
4558     5181.871094
4560     3454.582764
4562     1233.779541
4564     -740.267578
4566     -1974.047119
4568     -2220.803223
4570     -1233.779541
4572     246.755905
4574     1727.291260
4576     2714.314941
4578     3454.582764
4580     3948.094482
4582     4194.847656
4584     3701.338623
4586     2961.070801
4588     1974.047119
4590     1727.291260
4592     1974.047119
4594     1727.291260
4596     987.023438
4598     -493.511719
4600     -2714.314941
4602     -4441.605469
4604     -5428.628906
4606     -5675.382813
4608     -5181.871094
4610     -4441.605469
4612     -4194.847656
4614     -4194.847656
4616     -3948.094482
4618     -2714.314941
4620     -493.511719
4622     1727.291260
4624     3207.826660
4626     3701.338623
4628     3454.582764
4630     2714.314941
4632     2220.803223
4634     1727.291260
4636     1480.535400
4638     1480.535400
4640     1974.047119
4642     3207.826660
4644     3948.094482
4646     4194.847656
4648     3948.094482
4650     3207.826660
4652     2467.559082
4654     1727.291260
4656     493.511719
4658     -493.511719
4660     -1233.779541
4662     -1480.535400
4664     -1480.535400
4666     -1233.779541
4668     -740.267578
4670     -246.755905
4672     493.511719
4674     987.023438
4676     740.267578
4678     0.000000
4680     -740.267578
4682     -1233.779541
4684     -1480.535400
4686     -1727.291260
4688     -2220.803223
4690     -2714.314941
4692     -2714.314941
4694     -2220.803223
4696     -1233.779541
4698     -246.755905
4700     740.267578
4702     1233.779541
4704     987.023438
4706     0.000000
4708     -1233.779541
4710     -2220.803223
4712     -2714.314941
4714     -2961.070801
4716     -3948.094482
4718     -5181.871094
4720     -6662.406250
4722     -7896.187500
4724     -8636.457031
4726     -8636.457031
4728     -8142.941406
4730     -6909.164063
4732     -4935.117188
4734     -2714.314941
4736     -246.755905
4738     1727.291260
4740     3701.338623
4742     5181.871094
4744     6415.652344
4746     7155.917969
4748     7649.429688
4750     8142.941406
4752     8636.457031
4754     8883.210938
4756     8883.210938
4758     8883.210938
4760     8883.210938
4762     8883.210938
4764     8636.457031
4766     7896.187500
4768     6662.406250
4770     4688.359375
4772     2714.314941
4774     493.511719
4776     -1480.535400
4778     -3207.826660
4780     -4441.605469
4782     -4935.117188
4784     -5428.628906
4786     -5922.140625
4788     -6662.406250
4790     -7896.187500
4792     -9129.968750
4794     -9870.234375
4796     -9870.234375
4798     -9376.722656
4800     -8636.457031
4802     -7402.675781
4804     -5922.140625
4806     -4194.847656
4808     -2220.803223
4810     0.000000
4812     2220.803223
4814     4194.847656
4816     5922.140625
4818     7155.917969
4820     8389.699219
4822     9376.722656
4824     10116.992188
4826     10610.503906
4828     10610.503906
4830     9376.722656
4832     7155.917969
4834     4935.117188
4836     2961.070801
4838     1727.291260
4840     987.023438
4842     493.511719
4844     -493.511719
4846     -2220.803223
4848     -4688.359375
4850     -7402.675781
4852     -9870.234375
4854     -11597.527344
4856     -12584.550781
4858     -13078.062500
4860     -13571.574219
4862     -13571.574219
4864     -12831.304688
4866     -11350.769531
4868     -9129.968750
4870     -6662.406250
4872     -4194.847656
4874     -1727.291260
4876     493.511719
4878     2714.314941
4880     4688.359375
4882     6662.406250
4884     8142.941406
4886     8883.210938
4888     9376.722656
4890     10116.992188
4892     11597.527344
4894     13324.816406
4896     13818.328125
4898     13078.062500
4900     11844.281250
4902     10610.503906
4904     9623.480469
4906     8883.210938
4908     7402.675781
4910     5675.382813
4912     3454.582764
4914     1480.535400
4916     -987.023438
4918     -3454.582764
4920     -5428.628906
4922     -6168.894531
4924     -5675.382813
4926     -4688.359375
4928     -4441.605469
4930     -5428.628906
4932     -7155.917969
4934     -8883.210938
4936     -9376.722656
4938     -8883.210938
4940     -7402.675781
4942     -5428.628906
4944     -3948.094482
4946     -2714.314941
4948     -2220.803223
4950     -1974.047119
4952     -1727.291260
4954     -1480.535400
4956     -987.023438
4958     -493.511719
4960     246.755905
4962     987.023438
4964     1480.535400
4966     1480.535400
4968     1480.535400
4970     1233.779541
4972     987.023438
4974     1233.779541
4976     2220.803223
4978     3701.338623
4980     5675.382813
4982     6909.164063
4984     7402.675781
4986     6662.406250
4988     4688.359375
4990     2220.803223
4992     493.511719
4994     -740.267578
4996     -1727.291260
4998     -2220.803223
5000     -2714.314941
5002     -2961.070801
5004     -2714.314941
5006     -2714.314941
5008     -2714.314941
5010     -3207.826660
5012     -3454.582764
5014     -3454.582764
5016     -2961.070801
5018     -2220.803223
5020     -1974.047119
5022     -2220.803223
5024     -3207.826660
5026     -4194.847656
5028     -4688.359375
5030     -4935.117188
5032     -4935.117188
5034     -4935.117188
5036     -5181.871094
5038     -4935.117188
5040     -4194.847656
5042     -2714.314941
5044     -1233.779541
5046     246.755905
5048     1727.291260
5050     3207.826660
5052     4194.847656
5054     4935.117188
5056     5181.871094
5058     5428.628906
5060     5922.140625
5062     6662.406250
5064     7155.917969
5066     7155.917969
5068     6662.406250
5070     5922.140625
5072     5428.628906
5074     5428.628906
5076     5181.871094
5078     4935.117188
5080     4688.359375
5082     3701.338623
5084     2714.314941
5086     1480.535400
5088     987.023438
5090     1480.535400
5092     2467.559082
5094     3207.826660
5096     2714.314941
5098     1233.779541
5100     -493.511719
5102     -1727.291260
5104     -2220.803223
5106     -2714.314941
5108     -3207.826660
5110     -3454.582764
5112     -3454.582764
5114     -2961.070801
5116     -2961.070801
5118     -3207.826660
5120     -3701.338623
5122     -3701.338623
5124     -3207.826660
5126     -2961.070801
5128     -3207.826660
5130     -3454.582764
5132     -3454.582764
5134     -2467.559082
5136     -1727.291260
5138     -1974.047119
5140     -3948.094482
5142     -5922.140625
5144     -6909.164063
5146     -6168.894531
5148     -4194.847656
5150     -2714.314941
5152     -2220.803223
5154     -2467.559082
5156     -1974.047119
5158     -987.023438
5160     740.267578
5162     1974.047119
5164     2961.070801
5166     3948.094482
5168     4688.359375
5170     5428.628906
5172     5181.871094
5174     4194.847656
5176     2714.314941
5178     1480.535400
5180     493.511719
5182     0.000000
5184     0.000000
5186     -246.755905
5188     -493.511719
5190     -1233.779541
5192     -1974.047119
5194     -2467.559082
5196     -2220.803223
5198     -1480.535400
5200     -740.267578
5202     -740.267578
5204     -987.023438
5206     -987.023438
5208     -493.511719
5210     493.511719
5212     1974.047119
5214     3948.094482
5216     5675.382813
5218     6415.652344
5220     5675.382813
5222     3701.338623
5224     1974.047119
5226     1480.535400
5228     2961.070801
5230     4688.359375
5232     5428.628906
5234     4441.605469
5236     2961.070801
5238     1974.047119
5240     1974.047119
5242     2467.559082
5244     2467.559082
5246     1974.047119
5248     1233.779541
5250     1233.779541
5252     1480.535400
5254     1233.779541
5256     246.755905
5258     -987.023438
5260     -1974.047119
5262     -2220.803223
5264     -2961.070801
5266     -4194.847656
5268     -5428.628906
5270     -6168.894531
5272     -6415.652344
5274     -6662.406250
5276     -7402.675781
5278     -8389.699219
5280     -8636.457031
5282     -7896.187500
5284     -5922.140625
5286     -3948.094482
5288     -2220.803223
5290     -1727.291260
5292     -1480.535400
5294     -1480.535400
5296     -1233.779541
5298     -740.267578
5300     246.755905
5302     987.023438
5304     1480.535400
5306     987.023438
5308     246.755905
5310     -246.755905
5312     -246.755905
5314     246.755905
5316     493.511719
5318     0.000000
5320     -246.755905
5322     740.267578
5324     2961.070801
5326     5428.628906
5328     6662.406250
5330     6168.894531
5332     4194.847656
5334     2714.314941
5336     2220.803223
5338     2467.559082
5340     3207.826660
5342     3701.338623
5344     3948.094482
5346     3701.338623
5348     3701.338623
5350     3701.338623
5352     3207.826660
5354     2961.070801
5356     2467.559082
5358     1974.047119
5360     1974.047119
5362     1974.047119
5364     1727.291260
5366     493.511719
5368     -1480.535400
5370     -3454.582764
5372     -4194.847656
5374     -3454.582764
5376     -2220.803223
5378     -1727.291260
5380     -1727.291260
5382     -2220.803223
5384     -1727.291260
5386     -740.267578
5388     0.000000
5390     -493.511719
5392     -1974.047119
5394     -2961.070801
5396     -3207.826660
5398     -2467.559082
5400     -1480.535400
5402     -493.511719
5404     -246.755905
5406     -493.511719
5408     -987.023438
5410     -1233.779541
5412     -987.023438
5414     0.000000
5416     987.023438
5418     1480.535400
5420     987.023438
5422     0.000000
5424     -1233.779541
5426     -2220.803223
5428     -3207.826660
5430     -4194.847656
5432     -4441.605469
5434     -3701.338623
5436     -2220.803223
5438     -740.267578
5440     0.000000
5442     246.755905
5444     246.755905
5446     987.023438
5448     2467.559082
5450     4441.605469
5452     4935.117188
5454     3948.094482
5456     1974.047119
5458     740.267578
5460     987.023438
5462     1974.047119
5464     2714.314941
5466     2220.803223
5468     987.023438
5470     -246.755905
5472     -987.023438
5474     -1233.779541
5476     -1727.291260
5478     -2467.559082
5480     -2961.070801
5482     -2714.314941
5484     -2714.314941
5486     -2467.559082
5488     -2220.803223
5490     -1233.779541
5492     246.755905
5494     1233.779541
5496     1480.535400
5498     987.023438
5500     1233.779541
5502     2467.559082
5504     4441.605469
5506     5428.628906
5508     5181.871094
5510     4194.847656
5512     3454.582764
5514     2961.070801
5516     2220.803223
5518     1233.779541
5520     246.755905
5522     -740.267578
5524     -1727.291260
5526     -2714.314941
5528     -3948.094482
5530     -4935.117188
5532     -4688.359375
5534     -3948.094482
5536     -3207.826660
5538     -2467.559082
5540     -1727.291260
5542     -740.267578
5544     740.267578
5546     1974.047119
5548     2714.314941
5550     3207.826660
5552     2961.070801
5554     2220.803223
5556     740.267578
5558     -493.511719
5560     -1233.779541
5562     -987.023438
5564     -246.755905
5566     740.267578
5568     740.267578
5570     246.755905
5572     -246.755905
5574     0.000000
5576     1233.779541
5578     2220.803223
5580     2467.559082
5582     1480.535400
5584     246.755905
5586     -987.023438
5588     -1727.291260
5590     -1974.047119
5592     -1974.047119
5594     -2220.803223
5596     -2714.314941
5598     -3207.826660
5600     -3701.338623
5602     -3701.338623
5604     -3454.582764
5606     -3207.826660
5608     -3207.826660
5610     -2714.314941
5612     -1480.535400
5614     246.755905
5616     1233.779541
5618     987.023438
5620     -740.267578
5622     -2220.803223
5624     -2714.314941
5626     -1974.047119
5628     -987.023438
5630     -246.755905
5632     246.755905
5634     987.023438
5636     2220.803223
5638     3454.582764
5640     4441.605469
5642     4688.359375
5644     4688.359375
5646     4441.605469
5648     4194.847656
5650     3948.094482
5652     3701.338623
5654     3948.094482
5656     5428.628906
5658     6909.164063
5660     7402.675781
5662     6168.894531
5664     3701.338623
5666     1974.047119
5668     1727.291260
5670     2467.559082
5672     3454.582764
5674     3207.826660
5676     1727.291260
5678     -246.755905
5680     -1727.291260
5682     -2714.314941
5684     -3207.826660
5686     -3207.826660
5688     -3454.582764
5690     -3701.338623
5692     -4194.847656
5694     -4688.359375
5696     -4935.117188
5698     -4935.117188
5700     -4688.359375
5702     -4441.605469
5704     -5181.871094
5706     -6168.894531
5708     -7155.917969
5710     -7402.675781
5712     -6662.406250
5714     -4935.117188
5716     -3207.826660
5718     -2220.803223
5720     -2220.803223
5722     -2467.559082
5724     -2467.559082
5726     -2220.803223
5728     -1480.535400
5730     -1233.779541
5732     -987.023438
5734     -987.023438
5736     -493.511719
5738     493.511719
5740     1480.535400
5742     2220.803223
5744     2467.559082
5746     2961.070801
5748     3454.582764
5750     3948.094482
5752     4441.605469
5754     4441.605469
5756     3948.094482
5758     3701.338623
5760     3701.338623
5762     4194.847656
5764     4935.117188
5766     5428.628906
5768     5675.382813
5770     5181.871094
5772     4194.847656
5774     3207.826660
5776     2467.559082
5778     1974.047119
5780     1727.291260
5782     1727.291260
5784     1727.291260
5786     1480.535400
5788     740.267578
5790     -493.511719
5792     -1727.291260
5794     -2467.559082
5796     -1974.047119
5798     -987.023438
5800     -493.511719
5802     -987.023438
5804     -1974.047119
5806     -2467.559082
5808     -1974.047119
5810     -1233.779541
5812     -987.023438
5814     -987.023438
5816     -987.023438
5818     -987.023438
5820     -987.023438
5822     -1233.779541
5824     -1974.047119
5826     -2220.803223
5828     -1974.047119
5830     -1233.779541
5832     -987.023438
5834     -1233.779541
5836     -1480.535400
5838     -1727.291260
5840     -1480.535400
5842     -1233.779541
5844     -1233.779541
5846     -1233.779541
5848     -1233.779541
5850     -987.023438
5852     -246.755905
5854     246.755905
5856     493.511719
5858     740.267578
5860     246.755905
5862     -493.511719
5864     -1233.779541
5866     -1480.535400
5868     -987.023438
5870     0.000000
5872     987.023438
5874     987.023438
5876     987.023438
5878     740.267578
5880     493.511719
5882     246.755905
5884     -246.755905
5886     0.000000
5888     987.023438
5890     1480.535400
5892     1480.535400
5894     740.267578
5896     246.755905
5898     740.267578
5900     1233.779541
5902     740.267578
5904     246.755905
5906     0.000000
5908     987.023438
5910     1480.535400
5912     493.511719
5914     -987.023438
5916     -987.023438
5918     740.267578
5920     2220.803223
5922     1480.535400
5924     -987.023438
5926     -2961.070801
5928     -2220.803223
5930     246.755905
5932     1974.047119
5934     1727.291260
5936     493.511719
5938     -493.511719
5940     -493.511719
5942     0.000000
5944     493.511719
5946     740.267578
5948     740.267578
5950     493.511719
5952     -246.755905
5954     -493.511719
5956     -740.267578
5958     -493.511719
5960     -246.755905
5962     0.000000
5964     0.000000
5966     0.000000
5968     0.000000
5970     -246.755905
5972     -246.755905
5974     -246.755905
5976     -246.755905
5978     0.000000
5980     0.000000
5982     0.000000
5984     0.000000
5986     -246.755905
5988     -246.755905
5990     -246.755905
5992     -246.755905
5994     -246.755905
5996     -246.755905
5998     -246.755905
